	%Time (s)	Temperature (C)	10/3/2019	4:14 PM
	0.000	28.744	94.223	23.829	28.791
	1.409	28.747	94.060	23.809	28.801
	2.832	28.749	93.999	23.815	28.782
	4.243	28.759	94.115	23.862	28.795
	5.659	28.755	94.065	23.862	28.795
	7.082	28.768	94.172	23.878	28.802
	8.493	28.755	94.230	23.876	28.782
	9.899	28.757	94.102	23.893	28.804
	11.318	28.751	94.089	23.900	28.815
	12.727	28.763	94.111	23.865	28.785
	14.143	28.747	94.120	23.857	28.785
	15.566	28.756	94.039	23.918	28.820
	16.977	28.732	94.071	24.025	28.785
	18.394	28.769	94.127	24.097	28.783
	19.801	28.766	94.156	24.158	28.796
	21.213	28.748	94.145	24.139	28.795
	22.646	28.742	94.236	24.142	28.785
	24.067	28.742	94.180	24.165	28.801
	25.470	28.745	94.011	24.147	28.773
	26.886	28.750	94.168	24.103	28.768
	28.304	28.731	94.276	24.130	28.753
	29.725	28.714	94.197	24.077	28.779
	31.153	28.745	94.144	24.029	28.773
	32.582	28.738	94.115	23.966	28.760
	33.994	28.765	94.101	23.955	28.786
	35.413	28.721	94.135	23.828	28.755
	36.832	28.760	94.155	23.790	28.777
	38.241	28.744	94.158	23.702	28.774
	39.659	28.727	94.141	23.669	28.770
	41.070	28.741	94.190	23.646	28.770
	42.495	28.735	94.156	23.688	28.749
	43.914	28.713	94.080	23.679	28.754
	45.337	28.720	94.074	23.730	28.737
	46.754	28.739	94.104	23.794	28.752
	48.165	28.741	94.059	23.818	28.763
	49.586	28.741	94.095	23.794	28.764
	51.008	28.716	94.132	23.716	28.768
	52.427	28.723	94.095	23.719	28.769
	53.862	28.725	94.049	23.686	28.743
	55.284	28.723	94.118	23.749	28.752
	56.695	28.724	94.177	23.760	28.767
	58.118	28.729	94.131	23.724	28.766
	59.539	28.719	94.139	23.716	28.745
	60.957	28.688	94.137	23.708	28.722
	62.367	28.728	94.085	23.705	28.734
	63.789	28.705	94.048	23.704	28.727
	65.206	28.728	94.137	23.733	28.755
	66.621	28.726	94.157	23.712	28.750
	68.047	28.712	94.040	23.728	28.747
	69.472	28.711	94.048	23.753	28.744
	70.883	28.738	94.034	23.745	28.742
	72.303	28.710	94.091	23.753	28.728
	73.706	28.691	94.055	23.716	28.725
	75.118	28.681	94.103	23.709	28.722
	76.537	28.721	94.135	23.711	28.749
	77.958	28.713	94.138	23.753	28.729
	79.368	28.694	94.036	23.728	28.733
	80.790	28.708	94.036	23.775	28.725
	82.209	28.676	94.129	23.777	28.721
	83.622	28.721	94.158	23.801	28.736
	85.044	28.707	94.251	23.782	28.725
	86.458	28.704	94.206	23.762	28.702
	87.880	28.712	94.069	23.737	28.734
	89.303	28.682	94.170	23.776	28.699
	90.725	28.705	94.063	23.800	28.701
	92.144	28.693	94.081	23.769	28.695
	93.557	28.715	94.159	23.827	28.738
	94.977	28.684	94.139	23.860	28.698
	96.399	28.711	94.160	23.863	28.723
	97.822	28.743	94.209	23.867	28.740
	99.242	28.679	94.139	23.935	28.710
	100.676	28.691	94.096	24.095	28.696
	102.095	28.686	93.927	24.052	28.722
	103.518	28.676	94.046	23.931	28.725
	104.931	28.715	94.226	23.835	28.726
	106.349	28.709	94.110	23.715	28.707
	107.767	28.682	93.981	23.772	28.673
	109.182	28.686	94.045	23.807	28.700
	110.601	28.691	94.128	23.847	28.718
	112.022	28.709	94.068	23.860	28.732
	113.456	28.685	94.106	23.810	28.683
	114.894	28.676	93.985	23.815	28.689
	116.333	28.673	94.046	23.880	28.696
	117.752	28.677	94.100	23.854	28.683
	119.165	28.685	94.001	23.835	28.685
	120.586	28.663	94.024	23.815	28.699
	122.006	28.704	94.085	23.858	28.698
	123.415	28.655	93.915	23.847	28.692
	124.836	28.674	94.059	23.857	28.702
	126.273	28.644	94.006	23.839	28.704
	127.697	28.668	94.073	23.911	28.700
	129.120	28.652	93.999	23.906	28.681
	130.540	28.679	94.065	23.851	28.687
	131.958	28.700	94.103	23.883	28.723
	133.369	28.642	94.031	23.847	28.674
	134.792	28.672	94.083	23.820	28.693
	136.209	28.665	94.108	23.799	28.705
	137.634	28.690	94.166	23.784	28.688
	139.052	28.662	94.041	23.870	28.687
	140.456	28.666	94.140	23.881	28.667
	141.868	28.630	94.037	23.843	28.671
	143.289	28.661	94.059	23.843	28.692
	144.712	28.635	94.058	23.830	28.646
	146.130	28.648	94.056	23.812	28.686
	147.537	28.646	94.118	23.831	28.679
	148.949	28.626	93.959	23.802	28.661
	150.380	28.667	94.126	23.833	28.695
	151.821	28.659	94.123	23.848	28.657
	153.236	28.635	94.125	23.874	28.672
	154.649	28.627	94.071	23.812	28.675
	156.068	28.662	94.168	23.786	28.684
	157.480	28.637	94.111	23.779	28.659
	158.900	28.665	94.096	23.784	28.651
	160.321	28.659	94.055	23.847	28.681
	161.739	28.618	94.022	23.886	28.662
	163.145	28.627	94.101	23.890	28.638
	164.556	28.634	94.045	23.906	28.675
	165.973	28.632	94.077	23.931	28.652
	167.395	28.653	94.159	23.947	28.665
	168.805	28.617	94.059	23.931	28.630
	170.225	28.629	94.055	23.875	28.665
	171.651	28.629	94.081	23.809	28.640
	173.083	28.648	94.036	23.848	28.671
	174.508	28.639	94.061	23.863	28.632
	175.942	28.663	94.076	23.881	28.677
	177.368	28.600	94.012	23.836	28.643
	178.789	28.643	94.067	23.897	28.660
	180.208	28.643	94.060	23.922	28.647
	181.631	28.654	94.009	23.906	28.650
	183.052	28.609	94.117	23.824	28.636
	184.464	28.634	94.100	23.855	28.661
	185.891	28.617	94.107	23.880	28.643
	187.317	28.638	94.044	23.910	28.636
	188.754	28.624	94.188	23.875	28.648
	190.178	28.613	94.137	23.817	28.660
	191.600	28.641	94.132	23.751	28.662
	193.018	28.617	94.106	23.714	28.640
	194.431	28.628	94.039	23.801	28.654
	195.851	28.638	94.148	23.902	28.640
	197.272	28.616	94.145	23.943	28.637
	198.695	28.611	94.185	23.910	28.626
	200.115	28.616	94.152	23.908	28.626
	201.526	28.645	94.201	23.946	28.641
	202.948	28.610	94.236	23.892	28.615
	204.365	28.642	94.132	23.929	28.637
	205.784	28.612	94.140	23.885	28.606
	207.199	28.640	94.074	23.897	28.635
	208.617	28.625	94.162	23.899	28.632
	210.037	28.608	94.094	23.897	28.617
	211.458	28.603	94.125	23.903	28.620
	212.864	28.622	94.104	23.942	28.634
	214.276	28.608	94.032	23.909	28.613
	215.696	28.622	94.196	23.912	28.631
	217.131	28.601	94.110	23.863	28.599
	218.550	28.629	94.217	23.904	28.642
	219.975	28.607	94.152	23.887	28.610
	221.396	28.619	94.095	23.939	28.631
	222.800	28.590	94.074	23.948	28.596
	224.212	28.621	94.013	23.951	28.616
	225.632	28.616	94.067	23.978	28.624
	227.052	28.600	94.115	23.984	28.637
	228.473	28.612	94.137	24.025	28.627
	229.892	28.596	94.135	24.068	28.612
	231.319	28.615	94.019	24.043	28.640
	232.737	28.591	94.167	24.011	28.627
	234.151	28.599	94.083	23.981	28.609
	235.581	28.597	94.068	23.982	28.620
	237.005	28.604	94.133	23.997	28.635
	238.410	28.586	94.111	23.963	28.605
	239.831	28.628	94.121	23.974	28.631
	241.267	28.588	94.170	23.938	28.623
	242.693	28.598	94.123	23.909	28.611
	244.131	28.581	94.152	23.899	28.594
	245.554	28.604	94.233	23.955	28.604
	246.974	28.596	94.274	23.983	28.622
	248.393	28.593	94.214	24.042	28.613
	249.805	28.601	94.116	24.038	28.604
	251.233	28.603	94.231	24.023	28.592
	252.649	28.595	94.181	23.985	28.607
	254.073	28.623	94.188	23.912	28.612
	255.492	28.614	94.183	23.845	28.626
	256.924	28.578	94.179	23.770	28.614
	258.350	28.555	94.150	23.751	28.600
	259.759	28.590	94.142	23.772	28.595
	261.191	28.592	94.144	23.776	28.590
	262.622	28.585	94.116	23.791	28.612
	264.042	28.587	94.175	23.772	28.597
	265.462	28.589	94.041	23.765	28.607
	266.880	28.597	94.207	23.736	28.629
	268.292	28.589	94.025	23.713	28.588
	269.708	28.592	94.116	23.747	28.593
	271.134	28.564	94.128	23.723	28.590
	272.568	28.572	94.180	23.785	28.588
	274.006	28.581	94.125	23.737	28.591
	275.432	28.587	94.088	23.803	28.587
	276.853	28.583	94.141	23.817	28.578
	278.279	28.603	94.150	23.825	28.588
	279.693	28.570	94.175	23.861	28.574
	281.101	28.576	94.149	23.895	28.593
	282.536	28.585	94.246	23.901	28.579
	283.956	28.582	94.157	23.912	28.590
	285.365	28.559	94.157	23.931	28.579
	286.786	28.588	94.179	23.951	28.599
	288.191	28.567	94.152	23.976	28.580
	289.605	28.570	94.178	23.971	28.581
	291.034	28.562	94.118	23.998	28.592
	292.474	28.588	94.158	23.954	28.556
	293.901	28.564	94.168	24.006	28.577
	295.328	28.565	94.193	24.025	28.566
	296.742	28.589	94.167	23.977	28.593
	298.162	28.561	94.194	23.973	28.555
	299.572	28.581	94.193	23.977	28.582
	300.995	28.564	94.134	23.949	28.565
	302.433	28.574	94.145	23.880	28.561
	303.863	28.565	94.113	23.847	28.550
	305.268	28.550	94.199	23.813	28.575
	306.678	28.569	94.167	23.827	28.602
	308.099	28.564	94.110	23.749	28.567
	309.504	28.571	94.197	23.807	28.574
	310.917	28.600	94.269	23.826	28.591
	312.336	28.554	94.180	23.798	28.575
	313.759	28.571	94.287	23.828	28.588
	315.179	28.559	94.143	23.829	28.587
	316.598	28.554	94.116	23.767	28.547
	318.006	28.563	94.197	23.746	28.558
	319.429	28.569	94.127	23.747	28.572
	320.846	28.530	94.097	23.722	28.547
	322.259	28.563	94.179	23.780	28.561
	323.680	28.571	94.206	23.786	28.558
	325.099	28.549	94.188	23.742	28.524
	326.518	28.542	94.179	23.773	28.541
	327.931	28.583	94.152	23.815	28.561
	329.351	28.549	94.116	23.794	28.566
	330.770	28.556	94.250	23.841	28.534
	332.197	28.570	94.194	23.948	28.568
	333.617	28.555	94.256	23.911	28.557
	335.051	28.539	94.211	23.887	28.550
	336.462	28.536	94.173	23.855	28.567
	337.880	28.556	94.189	23.880	28.568
	339.304	28.564	94.239	23.830	28.568
	340.726	28.532	94.116	23.849	28.547
	342.145	28.569	94.080	23.915	28.544
	343.556	28.567	94.128	23.918	28.589
	344.979	28.548	94.178	23.972	28.511
	346.399	28.509	94.134	23.929	28.545
	347.832	28.546	94.144	23.902	28.571
	349.259	28.549	94.177	23.900	28.532
	350.680	28.541	94.216	23.821	28.552
	352.098	28.545	94.190	23.762	28.511
	353.511	28.564	94.221	23.777	28.563
	354.930	28.555	94.182	23.799	28.540
	356.348	28.537	94.229	23.752	28.539
	357.783	28.510	94.018	23.724	28.520
	359.206	28.548	94.170	23.756	28.536
	360.618	28.519	94.074	23.756	28.539
	362.037	28.529	94.182	23.850	28.533
	363.457	28.569	94.149	23.865	28.547
	364.870	28.540	94.145	23.904	28.541
	366.291	28.515	94.130	23.881	28.525
	367.712	28.532	94.110	23.854	28.547
	369.130	28.532	94.121	23.831	28.552
	370.556	28.509	94.160	23.832	28.520
	371.979	28.536	93.932	23.788	28.525
	373.399	28.507	94.204	23.754	28.529
	374.821	28.491	94.004	23.685	28.522
	376.242	28.518	94.059	23.688	28.529
	377.669	28.523	94.095	23.653	28.531
	379.093	28.506	94.109	23.621	28.531
	380.505	28.498	94.018	23.602	28.521
	381.928	28.519	93.953	23.696	28.545
	383.346	28.509	94.013	23.718	28.529
	384.757	28.530	93.998	23.853	28.557
	386.182	28.489	93.983	23.865	28.503
	387.617	28.488	94.033	23.951	28.532
	389.054	28.515	93.974	23.892	28.516
	390.487	28.502	94.122	23.885	28.524
	391.899	28.506	94.016	23.878	28.495
	393.320	28.514	94.114	23.910	28.537
	394.742	28.488	94.060	23.951	28.529
	396.161	28.489	93.997	23.927	28.500
	397.588	28.491	94.080	23.976	28.512
	399.005	28.496	94.096	23.944	28.487
	400.425	28.490	94.089	24.024	28.511
	401.838	28.493	94.166	24.021	28.524
	403.256	28.499	94.122	23.993	28.546
	404.684	28.483	94.080	24.016	28.513
	406.110	28.503	94.197	24.024	28.508
	407.521	28.510	94.100	23.989	28.531
	408.933	28.501	94.099	23.947	28.513
	410.347	28.513	94.056	23.904	28.538
	411.760	28.501	94.150	23.927	28.522
	413.179	28.524	94.115	23.946	28.520
	414.598	28.496	94.067	23.959	28.489
	416.002	28.484	94.103	23.965	28.504
	417.416	28.496	94.167	23.901	28.524
	418.838	28.502	93.982	23.803	28.501
	420.259	28.486	94.061	23.777	28.487
	421.679	28.483	94.101	23.781	28.501
	423.097	28.488	94.100	23.783	28.518
	424.510	28.488	94.195	23.738	28.507
	425.926	28.489	94.036	23.738	28.504
	427.338	28.495	94.119	23.751	28.512
	428.770	28.458	94.108	23.728	28.507
	430.194	28.457	94.181	23.771	28.522
	431.630	28.449	94.016	23.730	28.490
	433.070	28.470	94.124	23.696	28.490
	434.490	28.487	94.104	23.682	28.506
	435.898	28.471	94.091	23.686	28.478
	437.320	28.472	94.044	23.681	28.489
	438.743	28.482	94.200	23.714	28.486
	440.161	28.482	94.053	23.745	28.500
	441.574	28.486	94.159	23.769	28.477
	442.993	28.469	94.056	23.769	28.500
	444.431	28.433	94.109	23.800	28.493
	445.852	28.470	94.103	23.778	28.493
	447.270	28.465	93.994	23.813	28.484
	448.691	28.469	94.119	23.853	28.487
	450.098	28.428	94.176	23.970	28.459
	451.509	28.480	94.176	24.015	28.500
	452.926	28.472	94.079	23.963	28.477
	454.359	28.472	94.131	23.959	28.500
	455.786	28.455	94.168	23.908	28.464
	457.194	28.449	94.029	23.860	28.455
	458.614	28.473	94.130	23.924	28.517
	460.034	28.477	94.074	23.887	28.485
	461.456	28.470	93.898	23.869	28.470
	462.883	28.452	94.037	23.838	28.456
	464.304	28.459	94.045	23.935	28.487
	465.727	28.456	94.210	23.916	28.448
	467.145	28.443	94.008	23.937	28.465
	468.558	28.455	94.088	23.894	28.480
	469.971	28.463	94.182	23.904	28.480
	471.393	28.426	94.049	23.862	28.457
	472.817	28.467	94.095	23.929	28.483
	474.223	28.439	94.147	23.922	28.448
	475.648	28.439	94.078	23.876	28.476
	477.070	28.448	94.155	23.842	28.476
	478.490	28.432	94.180	23.787	28.473
	479.916	28.473	94.270	23.671	28.464
	481.335	28.441	94.143	23.625	28.463
	482.738	28.444	94.036	23.651	28.479
	484.168	28.411	94.031	23.689	28.455
	485.587	28.456	94.031	23.704	28.460
	487.007	28.456	93.998	23.705	28.485
	488.455	28.445	94.016	23.690	28.484
	489.866	28.436	93.993	23.725	28.457
	491.287	28.440	93.979	23.822	28.454
	492.689	28.439	94.029	23.843	28.472
	494.114	28.437	93.995	23.895	28.448
	495.535	28.469	94.090	24.025	28.488
	496.960	28.462	94.000	23.976	28.439
	498.400	28.452	94.018	23.990	28.471
	499.839	28.464	93.994	23.944	28.453
	501.256	28.437	93.969	23.904	28.441
	502.686	28.416	94.020	23.867	28.439
	504.099	28.447	94.094	23.799	28.443
	505.510	28.419	93.977	23.684	28.437
	506.933	28.428	93.974	23.608	28.428
	508.360	28.435	93.992	23.630	28.437
	509.785	28.465	94.037	23.677	28.465
	511.201	28.429	94.047	23.717	28.463
	512.610	28.425	94.030	23.765	28.444
	514.051	28.458	94.048	23.825	28.462
	515.461	28.424	94.032	23.854	28.445
	516.884	28.427	94.032	23.810	28.452
	518.305	28.435	94.036	23.790	28.440
	519.728	28.423	94.053	23.821	28.429
	521.149	28.454	94.027	23.853	28.446
	522.569	28.428	94.083	23.864	28.417
	523.992	28.437	94.043	23.822	28.429
	525.412	28.439	93.985	23.782	28.447
	526.848	28.433	94.008	23.841	28.421
	528.273	28.448	94.048	23.827	28.438
	529.695	28.403	94.072	23.714	28.407
	531.113	28.411	94.117	23.835	28.452
	532.527	28.418	94.015	23.958	28.461
	533.948	28.427	94.045	23.973	28.428
	535.377	28.430	94.039	23.990	28.434
	536.800	28.422	94.007	24.010	28.405
	538.212	28.431	94.039	24.150	28.445
	539.631	28.434	94.041	24.137	28.438
	541.050	28.406	94.022	24.024	28.419
	542.475	28.419	93.964	23.912	28.417
	543.893	28.399	94.039	23.861	28.405
	545.321	28.422	94.026	23.962	28.440
	546.742	28.397	94.030	24.005	28.394
	548.163	28.440	94.048	24.072	28.419
	549.584	28.411	94.062	24.071	28.424
	551.007	28.414	94.152	24.126	28.414
	552.428	28.421	94.084	24.189	28.439
	553.856	28.409	94.122	24.179	28.400
	555.293	28.420	94.149	24.183	28.417
	556.712	28.408	94.121	24.191	28.385
	558.134	28.392	94.066	24.115	28.409
	559.555	28.426	94.051	24.053	28.450
	560.973	28.412	94.091	23.939	28.412
	562.385	28.413	94.074	23.878	28.416
	563.799	28.425	94.082	23.972	28.417
	565.216	28.407	94.059	24.026	28.422
	566.634	28.398	94.080	24.005	28.410
	568.056	28.434	94.150	23.979	28.413
	569.490	28.394	94.088	23.903	28.390
	570.911	28.381	94.091	23.815	28.370
	572.335	28.399	94.082	23.759	28.391
	573.754	28.389	94.078	23.797	28.386
	575.167	28.398	94.074	23.803	28.386
	576.587	28.402	94.160	23.824	28.421
	578.005	28.369	94.091	23.780	28.406
	579.428	28.407	94.128	23.781	28.398
	580.865	28.372	94.065	23.717	28.364
	582.290	28.412	94.109	23.801	28.421
	583.706	28.389	94.063	23.749	28.400
	585.120	28.404	94.091	23.735	28.382
	586.541	28.396	94.073	23.761	28.376
	587.976	28.390	94.104	23.808	28.405
	589.395	28.380	94.092	23.829	28.377
	590.806	28.382	94.161	23.832	28.386
	592.238	28.381	94.075	23.803	28.368
	593.663	28.362	94.092	23.784	28.368
	595.083	28.378	94.117	23.822	28.361
	596.486	28.399	94.091	23.804	28.383
	597.929	28.382	94.091	23.796	28.374
	599.347	28.369	94.005	23.831	28.374
	600.760	28.380	94.061	23.804	28.365
	602.191	28.440	94.090	23.813	28.415
	603.632	28.636	94.067	23.784	28.496
	605.051	28.853	94.062	23.779	28.659
	606.462	29.108	94.059	23.801	28.826
	607.881	29.358	94.048	23.782	29.022
	609.301	29.623	94.094	23.777	29.203
	610.713	29.767	94.035	23.761	29.388
	612.130	29.954	94.042	23.790	29.575
	613.551	30.136	93.974	23.743	29.745
	614.980	30.354	94.014	23.717	29.931
	616.398	30.522	94.060	23.640	30.115
	617.834	30.640	94.022	23.586	30.218
	619.258	30.827	94.040	23.626	30.424
	620.678	30.930	93.948	23.625	30.534
	622.098	31.090	94.022	23.664	30.722
	623.517	31.210	94.002	23.625	30.838
	624.946	31.278	94.019	23.625	30.933
	626.365	31.403	94.013	23.629	31.059
	627.784	31.467	94.008	23.642	31.140
	629.206	31.548	94.053	23.736	31.233
	630.632	31.625	94.008	23.766	31.353
	632.065	31.713	94.002	23.772	31.438
	633.488	31.768	93.999	23.759	31.509
	634.916	31.823	94.013	23.827	31.589
	636.333	31.893	93.950	23.899	31.634
	637.766	31.932	93.965	23.817	31.709
	639.189	31.983	93.955	23.814	31.757
	640.614	32.031	94.007	23.747	31.818
	642.018	32.043	93.949	23.687	31.864
	643.434	32.104	93.977	23.694	31.923
	644.846	32.130	93.896	23.761	31.961
	646.271	32.170	93.948	23.844	31.983
	647.696	32.207	93.983	23.884	32.039
	649.135	32.240	93.995	23.894	32.097
	650.552	32.257	93.895	23.832	32.107
	651.992	32.289	93.906	23.786	32.160
	653.412	32.327	93.986	23.776	32.175
	654.817	32.348	93.977	23.709	32.222
	656.231	32.364	93.928	23.664	32.228
	657.643	32.361	93.911	23.690	32.238
	659.055	32.374	93.923	23.684	32.271
	660.479	32.397	93.970	23.636	32.309
	661.905	32.436	93.925	23.645	32.342
	663.314	32.439	93.938	23.667	32.338
	664.742	32.472	93.956	23.658	32.379
	666.165	32.477	93.950	23.635	32.408
	667.583	32.462	93.850	23.573	32.378
	669.004	32.476	93.841	23.671	32.399
	670.435	32.488	93.895	23.729	32.409
	671.878	32.514	93.874	23.790	32.432
	673.301	32.484	93.823	23.786	32.426
	674.714	32.507	93.851	23.807	32.453
	676.134	32.528	93.886	23.837	32.466
	677.553	32.545	93.867	23.804	32.463
	678.986	32.512	93.853	23.837	32.465
	680.413	32.550	93.812	23.856	32.475
	681.835	32.560	93.870	23.900	32.495
	683.239	32.532	93.873	23.923	32.481
	684.650	32.547	93.908	23.989	32.492
	686.070	32.575	93.885	24.026	32.500
	687.490	32.590	93.896	23.989	32.519
	688.916	32.568	93.857	23.945	32.536
	690.336	32.566	93.731	23.840	32.516
	691.756	32.586	93.778	23.810	32.540
	693.174	32.564	93.760	23.836	32.528
	694.582	32.547	93.790	23.833	32.508
	696.006	32.594	93.742	23.865	32.563
	697.428	32.593	93.801	23.944	32.551
	698.848	32.590	93.682	23.909	32.534
	700.265	32.606	93.760	23.891	32.556
	701.708	32.608	93.746	23.857	32.555
	703.133	32.590	93.744	23.918	32.540
	704.551	32.578	93.700	23.902	32.551
	705.971	32.590	93.718	23.952	32.547
	707.386	32.574	93.708	23.908	32.547
	708.821	32.605	93.760	23.933	32.576
	710.255	32.594	93.695	23.863	32.549
	711.692	32.592	93.703	23.853	32.576
	713.118	32.617	93.715	23.886	32.550
	714.552	32.560	93.717	23.844	32.538
	715.990	32.593	93.745	23.864	32.562
	717.416	32.602	93.762	23.922	32.579
	718.834	32.604	93.748	23.881	32.575
	720.270	32.593	93.687	23.815	32.560
	721.695	32.595	93.683	23.842	32.560
	723.115	32.614	93.622	23.792	32.580
	724.526	32.602	93.657	23.798	32.573
	725.946	32.611	93.640	23.730	32.588
	727.365	32.607	93.661	23.635	32.573
	728.795	32.630	93.619	23.603	32.598
	730.212	32.583	93.599	23.634	32.554
	731.632	32.595	93.580	23.624	32.576
	733.049	32.604	93.606	23.675	32.590
	734.473	32.579	93.568	23.689	32.557
	735.900	32.563	93.546	23.717	32.559
	737.321	32.604	93.526	23.780	32.585
	738.744	32.601	93.581	23.752	32.572
	740.166	32.592	93.527	23.722	32.565
	741.583	32.599	93.510	23.697	32.546
	743.010	32.596	93.546	23.660	32.578
	744.427	32.577	93.567	23.631	32.558
	745.840	32.611	93.580	23.583	32.588
	747.258	32.578	93.433	23.535	32.545
	748.679	32.587	93.481	23.582	32.563
	750.100	32.575	93.488	23.567	32.541
	751.541	32.571	93.502	23.564	32.553
	752.962	32.597	93.479	23.611	32.587
	754.383	32.590	93.479	23.634	32.580
	755.800	32.614	93.475	23.659	32.573
	757.226	32.578	93.388	23.668	32.579
	758.648	32.570	93.511	23.646	32.583
	760.066	32.600	93.432	23.670	32.568
	761.493	32.574	93.356	23.681	32.571
	762.912	32.575	93.397	23.636	32.595
	764.334	32.604	93.435	23.616	32.575
	765.770	32.544	93.289	23.627	32.550
	767.197	32.583	93.356	23.688	32.562
	768.621	32.591	93.374	23.780	32.580
	770.041	32.583	93.387	23.773	32.553
	771.462	32.593	93.397	23.796	32.581
	772.881	32.563	93.380	23.742	32.575
	774.307	32.594	93.366	23.756	32.593
	775.743	32.574	93.317	23.755	32.567
	777.164	32.544	93.228	23.753	32.555
	778.585	32.576	93.325	23.744	32.567
	780.004	32.556	93.280	23.686	32.555
	781.414	32.557	93.219	23.561	32.540
	782.834	32.550	93.259	23.547	32.569
	784.255	32.558	93.246	23.650	32.581
	785.676	32.539	93.187	23.684	32.553
	787.081	32.568	93.219	23.754	32.571
	788.494	32.578	93.295	23.804	32.576
	789.913	32.565	93.154	23.812	32.542
	791.323	32.576	93.143	23.859	32.593
	792.743	32.579	93.198	23.820	32.579
	794.161	32.575	93.168	23.852	32.575
	795.576	32.542	93.156	23.770	32.538
	796.987	32.532	93.090	23.689	32.566
	798.402	32.588	93.101	23.662	32.550
	799.835	32.569	93.162	23.667	32.560
	801.253	32.559	93.086	23.678	32.550
	802.664	32.544	93.086	23.683	32.567
	804.086	32.530	93.052	23.703	32.534
	805.506	32.532	93.027	23.673	32.532
	806.915	32.541	92.985	23.614	32.539
	808.334	32.546	93.017	23.604	32.538
	809.756	32.537	93.022	23.618	32.555
	811.179	32.543	92.986	23.632	32.511
	812.599	32.507	92.939	23.666	32.524
	814.004	32.541	93.017	23.635	32.518
	815.418	32.520	93.044	23.687	32.534
	816.834	32.520	92.988	23.654	32.544
	818.258	32.548	92.969	23.712	32.540
	819.677	32.549	93.012	23.862	32.534
	821.099	32.512	92.877	23.882	32.520
	822.511	32.526	92.867	23.912	32.555
	823.933	32.528	92.892	23.822	32.513
	825.363	32.519	92.877	23.762	32.529
	826.789	32.528	92.867	23.747	32.542
	828.210	32.521	92.923	23.749	32.521
	829.637	32.501	92.844	23.779	32.524
	831.055	32.492	92.873	23.672	32.496
	832.475	32.515	92.772	23.686	32.543
	833.896	32.509	92.645	23.659	32.519
	835.306	32.507	92.744	23.630	32.509
	836.730	32.489	92.671	23.540	32.502
	838.149	32.501	92.742	23.517	32.512
	839.571	32.519	92.727	23.522	32.551
	840.992	32.539	92.750	23.538	32.545
	842.414	32.525	92.748	23.550	32.558
	843.848	32.499	92.687	23.471	32.489
	845.274	32.490	92.657	23.465	32.528
	846.694	32.468	92.707	23.488	32.488
	848.134	32.503	92.675	23.473	32.534
	849.566	32.515	92.723	23.500	32.526
	850.990	32.492	92.626	23.465	32.498
	852.414	32.488	92.619	23.476	32.500
	853.844	32.475	92.522	23.498	32.499
	855.271	32.528	92.635	23.492	32.524
	856.681	32.497	92.515	23.542	32.517
	858.098	32.501	92.577	23.595	32.514
	859.530	32.488	92.518	23.637	32.504
	860.962	32.490	92.510	23.592	32.506
	862.379	32.512	92.455	23.681	32.516
	863.793	32.482	92.290	23.623	32.503
	865.217	32.475	92.506	23.627	32.492
	866.645	32.483	92.500	23.652	32.525
	868.070	32.461	92.465	23.670	32.503
	869.491	32.509	92.510	23.713	32.504
	870.892	32.481	92.442	23.719	32.501
	872.320	32.463	92.461	23.767	32.487
	873.741	32.476	92.388	23.704	32.513
	875.144	32.467	92.316	23.754	32.493
	876.564	32.475	92.397	23.795	32.506
	877.990	32.476	92.205	23.736	32.476
	879.415	32.471	92.397	23.740	32.458
	880.837	32.485	92.221	23.764	32.499
	882.273	32.487	92.228	23.711	32.493
	883.693	32.498	92.242	23.677	32.524
	885.117	32.468	92.144	23.710	32.492
	886.538	32.473	92.211	23.656	32.492
	887.958	32.465	92.167	23.669	32.468
	889.379	32.467	92.218	23.639	32.464
	890.784	32.457	92.235	23.657	32.479
	892.202	32.477	92.212	23.672	32.498
	893.632	32.438	92.057	23.617	32.473
	895.074	32.449	92.219	23.570	32.474
	896.510	32.459	92.181	23.580	32.477
	897.931	32.454	92.053	23.600	32.483
	899.353	32.453	92.032	23.630	32.470
	900.776	32.429	92.104	23.583	32.458
	902.196	32.457	91.994	23.604	32.483
	903.616	32.474	92.073	23.588	32.505
	905.036	32.441	92.039	23.543	32.473
	906.457	32.443	92.054	23.516	32.462
	907.880	32.447	91.910	23.400	32.453
	909.291	32.444	91.887	23.446	32.470
	910.710	32.423	91.917	23.351	32.475
	912.130	32.486	91.838	23.349	32.503
	913.553	32.449	91.865	23.307	32.459
	914.970	32.452	91.823	23.403	32.469
	916.391	32.442	91.912	23.474	32.461
	917.835	32.420	91.866	23.492	32.446
	919.253	32.439	91.737	23.536	32.432
	920.685	32.419	91.692	23.528	32.429
	922.099	32.429	91.852	23.535	32.457
	923.520	32.439	91.809	23.584	32.465
	924.932	32.445	91.835	23.617	32.457
	926.353	32.436	91.674	23.674	32.447
	927.774	32.401	91.801	23.702	32.443
	929.195	32.415	91.660	23.667	32.436
	930.622	32.421	91.595	23.633	32.428
	932.034	32.424	91.475	23.613	32.428
	933.446	32.463	91.513	23.661	32.472
	934.864	32.430	91.634	23.643	32.455
	936.287	32.430	91.405	23.661	32.448
	937.689	32.416	91.421	23.673	32.430
	939.104	32.449	91.532	23.672	32.476
	940.523	32.412	91.465	23.654	32.429
	941.942	32.424	91.466	23.693	32.431
	943.354	32.426	91.342	23.641	32.421
	944.775	32.439	91.443	23.668	32.430
	946.200	32.445	91.391	23.737	32.458
	947.623	32.419	91.244	23.750	32.437
	949.038	32.425	91.240	23.777	32.432
	950.467	32.394	91.176	23.809	32.419
	951.899	32.405	91.277	23.835	32.446
	953.318	32.402	91.450	23.814	32.429
	954.747	32.401	91.090	23.791	32.422
	956.162	32.395	91.028	23.682	32.423
	957.583	32.391	90.809	23.588	32.426
	959.005	32.409	91.043	23.555	32.436
	960.409	32.390	91.052	23.506	32.407
	961.821	32.376	90.822	23.464	32.418
	963.257	32.383	91.013	23.383	32.410
	964.680	32.427	91.106	23.315	32.423
	966.103	32.381	91.018	23.273	32.437
	967.522	32.392	91.004	23.241	32.428
	968.956	32.391	90.701	23.155	32.429
	970.388	32.405	90.977	23.082	32.402
	971.804	32.402	90.589	23.208	32.431
	973.227	32.388	90.290	23.221	32.393
	974.645	32.396	90.304	23.129	32.412
	976.057	32.405	90.773	23.067	32.414
	977.490	32.387	90.491	23.080	32.408
	978.918	32.403	90.237	23.075	32.413
	980.341	32.379	90.083	23.096	32.412
	981.752	32.384	90.461	23.165	32.419
	983.192	32.415	90.689	23.213	32.401
	984.615	32.373	90.667	23.230	32.400
	986.028	32.403	90.669	23.285	32.408
	987.442	32.382	90.658	23.296	32.403
	988.852	32.371	90.433	23.357	32.388
	990.274	32.385	90.226	23.421	32.418
	991.701	32.367	90.021	23.448	32.400
	993.112	32.360	90.543	23.437	32.394
	994.519	32.395	90.114	23.474	32.405
	995.945	32.390	90.124	23.467	32.393
	997.378	32.371	90.172	23.474	32.375
	998.803	32.386	90.376	23.450	32.401
	1000.225	32.395	90.345	23.436	32.379
	1001.632	32.373	90.194	23.504	32.421
	1003.054	32.369	89.922	23.544	32.382
	1004.457	32.336	89.725	23.512	32.364
	1005.868	32.368	89.872	23.518	32.396
	1007.288	32.350	90.165	23.414	32.396
	1008.707	32.376	89.798	23.345	32.371
	1010.120	32.360	89.907	23.255	32.399
	1011.539	32.359	90.194	23.193	32.373
	1012.974	32.371	90.208	23.174	32.376
